<svg width="50" height="46" viewBox="0 0 50 46" fill="none" xmlns="http://www.w3.org/2000/svg">
<path d="M10.3615 14.407C10.3615 13.357 9.8808 12.8879 8.8244 12.8711C7.98599 12.8614 7.14758 12.86 6.30918 12.8711C5.31287 12.8851 4.81401 13.3277 4.80842 14.2995C4.78886 17.67 4.78886 21.041 4.80842 24.4124C4.80842 25.3898 5.31287 25.8212 6.31057 25.831C7.14898 25.8394 7.98739 25.8394 8.8258 25.831C9.88639 25.8212 10.3629 25.3605 10.3629 24.3049C10.3713 22.6532 10.3629 21.0028 10.3629 19.3525C10.3629 17.7021 10.3699 16.0587 10.3615 14.407ZM8.79925 16.2933C8.79925 18.7549 8.78947 21.215 8.81043 23.6766C8.81043 24.1262 8.75454 24.3747 8.22494 24.3063C7.6115 24.2295 6.81362 24.5646 6.42236 24.1667C6.06045 23.8009 6.32734 23.0176 6.31756 22.4186C6.30219 21.3742 6.31756 20.3242 6.31756 19.284C6.31756 17.8683 6.33573 16.4511 6.30778 15.0353C6.29939 14.5731 6.38882 14.3372 6.91004 14.4042C7.52347 14.4768 8.3493 14.1417 8.70423 14.5438C9.00326 14.8901 8.79785 15.6929 8.79925 16.2933Z" fill="#143274"/>
<path d="M18.7302 7.57241C18.7302 6.63414 18.2481 6.16779 17.3147 6.15802C16.5238 6.14964 15.7329 6.15802 14.9392 6.15802C13.5181 6.15802 13.1464 6.5364 13.145 7.98709V17.1883C13.145 19.5354 13.145 21.8824 13.145 24.2295C13.145 25.3465 13.6145 25.8282 14.6821 25.838C15.4967 25.8464 16.31 25.838 17.1247 25.838C18.2705 25.838 18.7218 25.3828 18.7246 24.2337C18.7246 21.4934 18.7246 18.7516 18.7246 16.0085C18.733 13.1964 18.74 10.3844 18.7302 7.57241ZM17.1708 15.9987C17.1708 18.5789 17.1596 21.1648 17.1805 23.738C17.1805 24.1918 17.0674 24.3566 16.6062 24.3091C15.9886 24.2449 15.1767 24.5646 14.7897 24.1848C14.4026 23.8051 14.6751 22.9938 14.6737 22.3697C14.6639 17.6993 14.6737 13.0275 14.6541 8.35709C14.6541 7.7986 14.8106 7.62965 15.3528 7.67852C15.9271 7.73158 16.6999 7.49282 17.0296 7.78463C17.4237 8.12671 17.1512 8.91698 17.1554 9.51178C17.1805 11.6773 17.1708 13.8387 17.1708 15.9987Z" fill="#143274"/>
<path d="M27.1003 10.7181C27.1003 9.6542 26.6811 9.22136 25.6471 9.21019C24.7402 9.20042 23.8305 9.19902 22.9264 9.21019C21.9972 9.22276 21.5179 9.68771 21.5151 10.6385C21.5049 15.2145 21.5049 19.7909 21.5151 24.3677C21.5151 25.3353 22.0238 25.8198 22.9851 25.8338C23.8445 25.8478 24.7053 25.8436 25.566 25.8338C26.621 25.8254 27.0961 25.3535 27.1031 24.2979C27.1031 22.0444 27.1031 19.7909 27.1031 17.5374C27.1022 15.268 27.1013 12.9949 27.1003 10.7181ZM25.5423 12.5849C25.5576 14.2115 25.5423 15.8367 25.5423 17.4634C25.5423 19.5577 25.5283 21.6451 25.5535 23.7352C25.5535 24.1946 25.4319 24.351 24.975 24.3063C24.3559 24.2463 23.5441 24.559 23.1584 24.1876C22.7727 23.8162 23.0438 22.9994 23.0424 22.3809C23.0312 18.7102 23.0424 15.0395 23.0229 11.3688C23.0229 10.8354 23.1626 10.6707 23.681 10.7279C24.2749 10.7935 25.0574 10.485 25.4249 10.8438C25.7924 11.2026 25.5339 11.9873 25.5423 12.5849Z" fill="#143274"/>
<path d="M37.6489 12.8907C36.8409 12.9017 36.0697 13.2302 35.5022 13.805C34.9347 14.3799 34.6166 15.1549 34.6167 15.9624C34.6167 17.7189 35.9246 19.0425 37.6755 19.0467C38.0817 19.0525 38.4851 18.9771 38.8618 18.825C39.2386 18.673 39.5812 18.4473 39.8695 18.1612C40.1578 17.875 40.386 17.5343 40.5407 17.1589C40.6954 16.7835 40.7736 16.381 40.7706 15.975C40.7607 15.154 40.4275 14.37 39.8432 13.7927C39.2589 13.2154 38.4706 12.8913 37.6489 12.8907ZM37.7048 17.536C37.2965 17.5393 36.9033 17.3812 36.6112 17.0961C36.3191 16.811 36.1516 16.422 36.1454 16.0141C36.1441 15.6069 36.2997 15.215 36.5799 14.9194C36.8601 14.6238 37.2434 14.4473 37.6503 14.4265C38.4412 14.4084 39.2097 15.1568 39.2279 15.9624C39.2226 16.3691 39.062 16.7585 38.7788 17.0507C38.4957 17.343 38.1115 17.5161 37.7048 17.5346V17.536Z" fill="#143274"/>
<path d="M43.4591 13.875C43.2397 13.7968 43.0259 13.7591 43.2201 13.4743C43.9915 12.342 43.5457 11.5056 42.636 10.7C41.7976 9.95578 41.4022 9.83291 40.4003 10.3593C40.0076 10.5659 39.8721 10.531 39.7407 10.08C39.4305 9.00774 39.1007 8.79691 37.9857 8.78993H37.3568C36.2907 8.7983 35.9162 9.01751 35.6325 10.0312C35.4732 10.5981 35.2678 10.545 34.8752 10.3104C34.3162 9.97533 33.6888 9.85944 33.1858 10.3188C31.9477 11.4498 31.1177 11.9566 32.2076 13.6237C32.23 13.6572 32.2076 13.7145 32.2174 13.7759C31.6431 13.9867 30.9891 14.0677 30.6356 14.6765C29.9286 15.8968 30.5364 17.6225 31.8625 18.0665C32.2426 18.1936 32.2677 18.3542 32.0847 18.6446C31.7898 19.1095 31.5886 19.5856 31.8052 20.1525C32.3348 21.5278 33.7391 22.1338 35.082 21.5487C35.279 21.4636 35.4844 21.3533 35.5417 21.6786C35.7862 23.0483 36.7127 23.2801 37.9172 23.2145C39.0742 23.1446 39.4347 22.9813 39.7337 21.8964C39.8805 21.3602 40.0831 21.4147 40.4408 21.6465C40.748 21.8628 41.1211 21.9654 41.4958 21.9369C42.8428 21.8154 43.9523 19.8928 43.3124 18.7144C43.0497 18.2327 43.2467 18.1377 43.6421 18.04C44.0795 17.9311 44.4805 17.7398 44.7125 17.3265C45.4349 16.0559 44.8271 14.3707 43.4591 13.875ZM42.9351 16.6424C42.7336 16.6937 42.5357 16.7581 42.3426 16.835C41.4888 17.1143 41.2107 17.8711 41.5727 18.7088C41.7347 19.0844 42.3063 19.4279 41.7515 19.9654C41.4245 20.2837 41.1632 20.3256 40.7873 20.105C40.452 19.9096 40.1264 19.6415 39.7002 19.6987C39.0015 19.7937 38.5893 20.1888 38.4342 20.8883C38.3518 21.2625 38.3504 21.6744 37.7132 21.6842C37.1067 21.6939 37.0452 21.3337 36.9153 20.9512C36.4765 19.6554 35.8882 19.4153 34.6795 20.0366C34.3344 20.2139 34.0465 20.429 33.6455 20.0199C33.2445 19.6108 33.4317 19.3413 33.6217 18.988C34.2603 17.804 33.992 17.152 32.7121 16.7443C32.0469 16.5335 31.7661 16.116 32.0134 15.6119C32.209 15.2112 32.6841 15.2629 33.0391 15.133C33.823 14.8454 34.1569 14.1236 33.8202 13.3612C33.7467 13.1912 33.6598 13.0273 33.5603 12.8711C33.3213 12.5053 33.3493 12.2135 33.7 11.9133C33.9361 11.7122 34.1192 11.5768 34.4071 11.7904C34.5245 11.8646 34.6474 11.93 34.7746 11.9859C35.8533 12.5444 36.5045 12.2763 36.8887 11.1272C37.0285 10.7084 37.0676 10.2169 37.7621 10.2993C38.1352 10.3439 38.2749 10.478 38.3811 10.7907C38.9303 12.416 39.3201 12.5751 40.8963 11.8337C41.3155 11.6369 42.0226 12.0041 42.0142 12.4285L41.5824 13.2844C41.173 14.097 41.4944 14.8524 42.3677 15.1372C42.5596 15.2182 42.7578 15.2836 42.9602 15.3327C43.3654 15.3983 43.3794 15.6622 43.3934 15.9931C43.4004 16.3506 43.3124 16.5725 42.9351 16.6424Z" fill="#143274"/>
<path d="M24.8897 32.1224C24.41 32.1088 23.9371 32.2385 23.5315 32.4948C23.1258 32.7511 22.8059 33.1224 22.6125 33.5613C22.4192 34.0002 22.3612 34.4868 22.446 34.9588C22.5308 35.4308 22.7545 35.8668 23.0885 36.2111C23.4226 36.5554 23.8518 36.7924 24.3213 36.8918C24.7908 36.9911 25.2793 36.9483 25.7244 36.7689C26.1694 36.5894 26.5508 36.2814 26.8198 35.8843C27.0888 35.4871 27.2332 35.0189 27.2345 34.5393C27.2421 34.2261 27.1872 33.9144 27.073 33.6226C26.9588 33.3308 26.7875 33.0646 26.5693 32.8396C26.351 32.6147 26.09 32.4354 25.8017 32.3122C25.5133 32.1891 25.2033 32.1246 24.8897 32.1224ZM25.696 34.5868C25.6513 35.1146 25.3327 35.3813 24.8171 35.3673C24.3014 35.3533 24.0052 35.0559 23.9912 34.5296C23.9897 34.4142 24.0117 34.2998 24.0558 34.1931C24.0998 34.0865 24.1651 33.9899 24.2475 33.9092C24.33 33.8285 24.428 33.7653 24.5356 33.7235C24.6433 33.6817 24.7582 33.6622 24.8736 33.6661C24.989 33.6699 25.1024 33.6972 25.2069 33.7461C25.3115 33.795 25.405 33.8646 25.4819 33.9506C25.5588 34.0367 25.6174 34.1375 25.6542 34.2468C25.691 34.3561 25.7052 34.4718 25.696 34.5868ZM24.8897 32.1224C24.41 32.1088 23.9371 32.2385 23.5315 32.4948C23.1258 32.7511 22.8059 33.1224 22.6125 33.5613C22.4192 34.0002 22.3612 34.4868 22.446 34.9588C22.5308 35.4308 22.7545 35.8668 23.0885 36.2111C23.4226 36.5554 23.8518 36.7924 24.3213 36.8918C24.7908 36.9911 25.2793 36.9483 25.7244 36.7689C26.1694 36.5894 26.5508 36.2814 26.8198 35.8843C27.0888 35.4871 27.2332 35.0189 27.2345 34.5393C27.2421 34.2261 27.1872 33.9144 27.073 33.6226C26.9588 33.3308 26.7875 33.0646 26.5693 32.8396C26.351 32.6147 26.09 32.4354 25.8017 32.3122C25.5133 32.1891 25.2033 32.1246 24.8897 32.1224ZM25.696 34.5868C25.6513 35.1146 25.3327 35.3813 24.8171 35.3673C24.3014 35.3533 24.0052 35.0559 23.9912 34.5296C23.9897 34.4142 24.0117 34.2998 24.0558 34.1931C24.0998 34.0865 24.1651 33.9899 24.2475 33.9092C24.33 33.8285 24.428 33.7653 24.5356 33.7235C24.6433 33.6817 24.7582 33.6622 24.8736 33.6661C24.989 33.6699 25.1024 33.6972 25.2069 33.7461C25.3115 33.795 25.405 33.8646 25.4819 33.9506C25.5588 34.0367 25.6174 34.1375 25.6542 34.2468C25.691 34.3561 25.7052 34.4718 25.696 34.5868ZM24.8897 32.1224C24.41 32.1088 23.9371 32.2385 23.5315 32.4948C23.1258 32.7511 22.8059 33.1224 22.6125 33.5613C22.4192 34.0002 22.3612 34.4868 22.446 34.9588C22.5308 35.4308 22.7545 35.8668 23.0885 36.2111C23.4226 36.5554 23.8518 36.7924 24.3213 36.8918C24.7908 36.9911 25.2793 36.9483 25.7244 36.7689C26.1694 36.5894 26.5508 36.2814 26.8198 35.8843C27.0888 35.4871 27.2332 35.0189 27.2345 34.5393C27.2421 34.2261 27.1872 33.9144 27.073 33.6226C26.9588 33.3308 26.7875 33.0646 26.5693 32.8396C26.351 32.6147 26.09 32.4354 25.8017 32.3122C25.5133 32.1891 25.2033 32.1246 24.8897 32.1224ZM25.696 34.5868C25.6513 35.1146 25.3327 35.3813 24.8171 35.3673C24.3014 35.3533 24.0052 35.0559 23.9912 34.5296C23.9897 34.4142 24.0117 34.2998 24.0558 34.1931C24.0998 34.0865 24.1651 33.9899 24.2475 33.9092C24.33 33.8285 24.428 33.7653 24.5356 33.7235C24.6433 33.6817 24.7582 33.6622 24.8736 33.6661C24.989 33.6699 25.1024 33.6972 25.2069 33.7461C25.3115 33.795 25.405 33.8646 25.4819 33.9506C25.5588 34.0367 25.6174 34.1375 25.6542 34.2468C25.691 34.3561 25.7052 34.4718 25.696 34.5868ZM24.8897 32.1224C24.41 32.1088 23.9371 32.2385 23.5315 32.4948C23.1258 32.7511 22.8059 33.1224 22.6125 33.5613C22.4192 34.0002 22.3612 34.4868 22.446 34.9588C22.5308 35.4308 22.7545 35.8668 23.0885 36.2111C23.4226 36.5554 23.8518 36.7924 24.3213 36.8918C24.7908 36.9911 25.2793 36.9483 25.7244 36.7689C26.1694 36.5894 26.5508 36.2814 26.8198 35.8843C27.0888 35.4871 27.2332 35.0189 27.2345 34.5393C27.2421 34.2261 27.1872 33.9144 27.073 33.6226C26.9588 33.3308 26.7875 33.0646 26.5693 32.8396C26.351 32.6147 26.09 32.4354 25.8017 32.3122C25.5133 32.1891 25.2033 32.1246 24.8897 32.1224ZM25.696 34.5868C25.6513 35.1146 25.3327 35.3813 24.8171 35.3673C24.3014 35.3533 24.0052 35.0559 23.9912 34.5296C23.9897 34.4142 24.0117 34.2998 24.0558 34.1931C24.0998 34.0865 24.1651 33.9899 24.2475 33.9092C24.33 33.8285 24.428 33.7653 24.5356 33.7235C24.6433 33.6817 24.7582 33.6622 24.8736 33.6661C24.989 33.6699 25.1024 33.6972 25.2069 33.7461C25.3115 33.795 25.405 33.8646 25.4819 33.9506C25.5588 34.0367 25.6174 34.1375 25.6542 34.2468C25.691 34.3561 25.7052 34.4718 25.696 34.5868ZM49.4286 6.04911C49.4481 2.69814 46.8323 0.360843 43.7707 0.406919C37.4645 0.501863 31.154 0.436241 24.845 0.436241C18.4899 0.436241 12.1347 0.436241 5.77958 0.436241C2.56568 0.436241 0.281015 2.68977 0.278221 5.9053C0.267042 15.1149 0.267042 24.3254 0.278221 33.5368C0.263776 34.118 0.342078 34.6977 0.510181 35.2542C1.30667 37.6795 3.21824 39.0478 5.89277 39.0562C9.99166 39.0673 14.0905 39.0673 18.1894 39.0562C18.6897 39.0562 18.8462 39.1455 18.6687 39.6579C18.2397 40.9062 17.8303 42.1614 17.4446 43.4278C17.3356 43.7768 17.1652 43.8802 16.8033 43.8746C15.5456 43.8508 14.288 43.8676 13.0304 43.8634C12.4785 43.8634 12.0187 44.0254 12.0243 44.6537C12.0299 45.282 12.4966 45.4076 13.05 45.4062C20.9189 45.3997 28.7874 45.3997 36.6554 45.4062C37.2143 45.4062 37.6741 45.2848 37.6782 44.6495C37.6824 44.0142 37.2213 43.8606 36.6708 43.8634C35.4593 43.8634 34.2478 43.8411 33.0377 43.876C32.5681 43.8899 32.3543 43.7712 32.2188 43.2937C31.8862 42.1125 31.508 40.9457 31.0842 39.7934C30.8774 39.2349 30.9137 39.0548 31.576 39.0589C35.6488 39.0841 39.7226 39.0869 43.7972 39.0673C47.1928 39.0534 49.4146 36.8082 49.416 33.414C49.4174 24.284 49.381 15.1651 49.4286 6.04911ZM1.81111 6.02817C1.81111 3.54706 3.38313 1.97908 5.85224 1.97908C18.515 1.97908 31.1778 1.97908 43.8406 1.97908C46.3097 1.97908 47.8761 3.55404 47.8775 6.03794C47.8775 13.8052 47.8775 21.5739 47.8943 29.3411C47.8943 29.9513 47.707 30.0393 47.1537 30.0393C39.7011 30.0216 32.2523 30.0174 24.8073 30.0267C17.3836 30.0267 9.95858 30.0309 2.53214 30.0393C1.9732 30.0393 1.79295 29.9387 1.79434 29.3411C1.82089 21.5613 1.81111 13.794 1.81391 6.02677L1.81111 6.02817ZM18.9063 43.8327C19.4065 42.2968 19.8998 40.8126 20.3749 39.3172C20.4657 39.038 20.6627 39.0603 20.8681 39.0603H28.826C29.0329 39.0603 29.2299 39.0352 29.3193 39.3186C29.7944 40.8126 30.2877 42.301 30.7879 43.8327H18.9063ZM47.8915 32.3472C47.8384 32.9057 47.9166 33.4642 47.8593 34.0227C47.6609 35.9677 46.3292 37.269 44.366 37.4756C44.158 37.4968 43.949 37.5075 43.7399 37.5077C31.1489 37.5077 18.5574 37.5077 5.96543 37.5077C4.25368 37.5077 2.92759 36.8878 2.17023 35.3045C1.63784 34.1875 1.84325 32.9783 1.8153 31.8013C1.8153 31.624 1.91731 31.5584 2.07801 31.557H24.8408C32.2649 31.557 39.6904 31.5681 47.1145 31.5402C47.7811 31.5388 47.9543 31.7399 47.8915 32.3472ZM24.8855 32.1224C24.4058 32.1088 23.9329 32.2385 23.5273 32.4948C23.1216 32.7511 22.8017 33.1224 22.6084 33.5613C22.415 34.0002 22.357 34.4868 22.4418 34.9588C22.5266 35.4308 22.7503 35.8668 23.0843 36.2111C23.4184 36.5554 23.8476 36.7924 24.3171 36.8918C24.7866 36.9911 25.2751 36.9483 25.7202 36.7689C26.1652 36.5894 26.5466 36.2814 26.8156 35.8843C27.0846 35.4871 27.229 35.0189 27.2303 34.5393C27.2379 34.2264 27.1831 33.9151 27.0692 33.6236C26.9552 33.332 26.7843 33.0661 26.5665 32.8411C26.3487 32.6162 26.0883 32.4368 25.8004 32.3134C25.5125 32.1901 25.2029 32.1251 24.8897 32.1224H24.8855ZM25.6918 34.5868C25.6471 35.1146 25.3285 35.3813 24.8129 35.3673C24.2972 35.3533 24.001 35.0559 23.987 34.5296C23.9856 34.4142 24.0075 34.2998 24.0516 34.1931C24.0956 34.0865 24.1609 33.9899 24.2434 33.9092C24.3258 33.8285 24.4238 33.7653 24.5315 33.7235C24.6391 33.6817 24.754 33.6622 24.8694 33.6661C24.9848 33.6699 25.0982 33.6972 25.2028 33.7461C25.3073 33.795 25.4009 33.8646 25.4777 33.9506C25.5546 34.0367 25.6132 34.1375 25.65 34.2468C25.6868 34.3561 25.701 34.4718 25.6918 34.5868ZM24.8855 32.1224C24.4058 32.1088 23.9329 32.2385 23.5273 32.4948C23.1216 32.7511 22.8017 33.1224 22.6084 33.5613C22.415 34.0002 22.357 34.4868 22.4418 34.9588C22.5266 35.4308 22.7503 35.8668 23.0843 36.2111C23.4184 36.5554 23.8476 36.7924 24.3171 36.8918C24.7866 36.9911 25.2751 36.9483 25.7202 36.7689C26.1652 36.5894 26.5466 36.2814 26.8156 35.8843C27.0846 35.4871 27.229 35.0189 27.2303 34.5393C27.2379 34.2264 27.1831 33.9151 27.0692 33.6236C26.9552 33.332 26.7843 33.0661 26.5665 32.8411C26.3487 32.6162 26.0883 32.4368 25.8004 32.3134C25.5125 32.1901 25.2029 32.1251 24.8897 32.1224H24.8855ZM25.6918 34.5868C25.6471 35.1146 25.3285 35.3813 24.8129 35.3673C24.2972 35.3533 24.001 35.0559 23.987 34.5296C23.9856 34.4142 24.0075 34.2998 24.0516 34.1931C24.0956 34.0865 24.1609 33.9899 24.2434 33.9092C24.3258 33.8285 24.4238 33.7653 24.5315 33.7235C24.6391 33.6817 24.754 33.6622 24.8694 33.6661C24.9848 33.6699 25.0982 33.6972 25.2028 33.7461C25.3073 33.795 25.4009 33.8646 25.4777 33.9506C25.5546 34.0367 25.6132 34.1375 25.65 34.2468C25.6868 34.3561 25.701 34.4718 25.6918 34.5868ZM24.8855 32.1224C24.4058 32.1088 23.9329 32.2385 23.5273 32.4948C23.1216 32.7511 22.8017 33.1224 22.6084 33.5613C22.415 34.0002 22.357 34.4868 22.4418 34.9588C22.5266 35.4308 22.7503 35.8668 23.0843 36.2111C23.4184 36.5554 23.8476 36.7924 24.3171 36.8918C24.7866 36.9911 25.2751 36.9483 25.7202 36.7689C26.1652 36.5894 26.5466 36.2814 26.8156 35.8843C27.0846 35.4871 27.229 35.0189 27.2303 34.5393C27.2379 34.2264 27.1831 33.9151 27.0692 33.6236C26.9552 33.332 26.7843 33.0661 26.5665 32.8411C26.3487 32.6162 26.0883 32.4368 25.8004 32.3134C25.5125 32.1901 25.2029 32.1251 24.8897 32.1224H24.8855ZM25.6918 34.5868C25.6471 35.1146 25.3285 35.3813 24.8129 35.3673C24.2972 35.3533 24.001 35.0559 23.987 34.5296C23.9856 34.4142 24.0075 34.2998 24.0516 34.1931C24.0956 34.0865 24.1609 33.9899 24.2434 33.9092C24.3258 33.8285 24.4238 33.7653 24.5315 33.7235C24.6391 33.6817 24.754 33.6622 24.8694 33.6661C24.9848 33.6699 25.0982 33.6972 25.2028 33.7461C25.3073 33.795 25.4009 33.8646 25.4777 33.9506C25.5546 34.0367 25.6132 34.1375 25.65 34.2468C25.6868 34.3561 25.701 34.4718 25.6918 34.5868ZM24.8855 32.1224C24.4058 32.1088 23.9329 32.2385 23.5273 32.4948C23.1216 32.7511 22.8017 33.1224 22.6084 33.5613C22.415 34.0002 22.357 34.4868 22.4418 34.9588C22.5266 35.4308 22.7503 35.8668 23.0843 36.2111C23.4184 36.5554 23.8476 36.7924 24.3171 36.8918C24.7866 36.9911 25.2751 36.9483 25.7202 36.7689C26.1652 36.5894 26.5466 36.2814 26.8156 35.8843C27.0846 35.4871 27.229 35.0189 27.2303 34.5393C27.2379 34.2264 27.1831 33.9151 27.0692 33.6236C26.9552 33.332 26.7843 33.0661 26.5665 32.8411C26.3487 32.6162 26.0883 32.4368 25.8004 32.3134C25.5125 32.1901 25.2029 32.1251 24.8897 32.1224H24.8855ZM25.6918 34.5868C25.6471 35.1146 25.3285 35.3813 24.8129 35.3673C24.2972 35.3533 24.001 35.0559 23.987 34.5296C23.9856 34.4142 24.0075 34.2998 24.0516 34.1931C24.0956 34.0865 24.1609 33.9899 24.2434 33.9092C24.3258 33.8285 24.4238 33.7653 24.5315 33.7235C24.6391 33.6817 24.754 33.6622 24.8694 33.6661C24.9848 33.6699 25.0982 33.6972 25.2028 33.7461C25.3073 33.795 25.4009 33.8646 25.4777 33.9506C25.5546 34.0367 25.6132 34.1375 25.65 34.2468C25.6868 34.3561 25.701 34.4718 25.6918 34.5868ZM24.8855 32.1224C24.4058 32.1088 23.9329 32.2385 23.5273 32.4948C23.1216 32.7511 22.8017 33.1224 22.6084 33.5613C22.415 34.0002 22.357 34.4868 22.4418 34.9588C22.5266 35.4308 22.7503 35.8668 23.0843 36.2111C23.4184 36.5554 23.8476 36.7924 24.3171 36.8918C24.7866 36.9911 25.2751 36.9483 25.7202 36.7689C26.1652 36.5894 26.5466 36.2814 26.8156 35.8843C27.0846 35.4871 27.229 35.0189 27.2303 34.5393C27.2379 34.2264 27.1831 33.9151 27.0692 33.6236C26.9552 33.332 26.7843 33.0661 26.5665 32.8411C26.3487 32.6162 26.0883 32.4368 25.8004 32.3134C25.5125 32.1901 25.2029 32.1251 24.8897 32.1224H24.8855ZM25.6918 34.5868C25.6471 35.1146 25.3285 35.3813 24.8129 35.3673C24.2972 35.3533 24.001 35.0559 23.987 34.5296C23.9856 34.4142 24.0075 34.2998 24.0516 34.1931C24.0956 34.0865 24.1609 33.9899 24.2434 33.9092C24.3258 33.8285 24.4238 33.7653 24.5315 33.7235C24.6391 33.6817 24.754 33.6622 24.8694 33.6661C24.9848 33.6699 25.0982 33.6972 25.2028 33.7461C25.3073 33.795 25.4009 33.8646 25.4777 33.9506C25.5546 34.0367 25.6132 34.1375 25.65 34.2468C25.6868 34.3561 25.701 34.4718 25.6918 34.5868Z" fill="#143274"/>
<path d="M10.3615 14.407C10.3615 13.357 9.8808 12.8879 8.8244 12.8711C7.98599 12.8614 7.14758 12.86 6.30918 12.8711C5.31287 12.8851 4.81401 13.3277 4.80842 14.2995C4.78886 17.67 4.78886 21.041 4.80842 24.4124C4.80842 25.3898 5.31287 25.8212 6.31057 25.831C7.14898 25.8394 7.98739 25.8394 8.8258 25.831C9.88639 25.8212 10.3629 25.3605 10.3629 24.3049C10.3713 22.6532 10.3629 21.0028 10.3629 19.3525C10.3629 17.7021 10.3699 16.0587 10.3615 14.407ZM8.79925 16.2933C8.79925 18.7549 8.78947 21.215 8.81043 23.6766C8.81043 24.1262 8.75454 24.3747 8.22494 24.3063C7.6115 24.2295 6.81362 24.5646 6.42236 24.1667C6.06045 23.8009 6.32734 23.0176 6.31756 22.4186C6.30219 21.3742 6.31756 20.3242 6.31756 19.284C6.31756 17.8683 6.33573 16.4511 6.30778 15.0353C6.29939 14.5731 6.38882 14.3372 6.91004 14.4042C7.52347 14.4768 8.3493 14.1417 8.70423 14.5438C9.00326 14.8901 8.79785 15.6929 8.79925 16.2933Z" fill="#F4F4F6"/>
<path d="M18.7302 7.57241C18.7302 6.63414 18.2481 6.16779 17.3147 6.15802C16.5238 6.14964 15.7329 6.15802 14.9392 6.15802C13.5181 6.15802 13.1464 6.5364 13.145 7.98709V17.1883C13.145 19.5354 13.145 21.8824 13.145 24.2295C13.145 25.3465 13.6145 25.8282 14.6821 25.838C15.4967 25.8464 16.31 25.838 17.1247 25.838C18.2705 25.838 18.7218 25.3828 18.7246 24.2337C18.7246 21.4934 18.7246 18.7516 18.7246 16.0085C18.733 13.1964 18.74 10.3844 18.7302 7.57241ZM17.1708 15.9987C17.1708 18.5789 17.1596 21.1648 17.1805 23.738C17.1805 24.1918 17.0674 24.3566 16.6062 24.3091C15.9886 24.2449 15.1767 24.5646 14.7897 24.1848C14.4026 23.8051 14.6751 22.9938 14.6737 22.3697C14.6639 17.6993 14.6737 13.0275 14.6541 8.35709C14.6541 7.7986 14.8106 7.62965 15.3528 7.67852C15.9271 7.73158 16.6999 7.49282 17.0296 7.78463C17.4237 8.12671 17.1512 8.91698 17.1554 9.51178C17.1805 11.6773 17.1708 13.8387 17.1708 15.9987Z" fill="#F4F4F6"/>
<path d="M27.1003 10.7181C27.1003 9.6542 26.6811 9.22136 25.6471 9.21019C24.7402 9.20042 23.8305 9.19902 22.9264 9.21019C21.9972 9.22276 21.5179 9.68771 21.5151 10.6385C21.5049 15.2145 21.5049 19.7909 21.5151 24.3677C21.5151 25.3353 22.0238 25.8198 22.9851 25.8338C23.8445 25.8478 24.7053 25.8436 25.566 25.8338C26.621 25.8254 27.0961 25.3535 27.1031 24.2979C27.1031 22.0444 27.1031 19.7909 27.1031 17.5374C27.1022 15.268 27.1013 12.9949 27.1003 10.7181ZM25.5423 12.5849C25.5576 14.2115 25.5423 15.8367 25.5423 17.4634C25.5423 19.5577 25.5283 21.6451 25.5535 23.7352C25.5535 24.1946 25.4319 24.351 24.975 24.3063C24.3559 24.2463 23.5441 24.559 23.1584 24.1876C22.7727 23.8162 23.0438 22.9994 23.0424 22.3809C23.0312 18.7102 23.0424 15.0395 23.0229 11.3688C23.0229 10.8354 23.1626 10.6707 23.681 10.7279C24.2749 10.7935 25.0574 10.485 25.4249 10.8438C25.7924 11.2026 25.5339 11.9873 25.5423 12.5849Z" fill="#F4F4F6"/>
<path d="M37.6489 12.8907C36.8409 12.9017 36.0697 13.2302 35.5022 13.805C34.9347 14.3799 34.6166 15.1549 34.6167 15.9624C34.6167 17.7189 35.9246 19.0425 37.6755 19.0467C38.0817 19.0525 38.4851 18.9771 38.8618 18.825C39.2386 18.673 39.5812 18.4473 39.8695 18.1612C40.1578 17.875 40.386 17.5343 40.5407 17.1589C40.6954 16.7835 40.7736 16.381 40.7706 15.975C40.7607 15.154 40.4275 14.37 39.8432 13.7927C39.2589 13.2154 38.4706 12.8913 37.6489 12.8907ZM37.7048 17.536C37.2965 17.5393 36.9033 17.3812 36.6112 17.0961C36.3191 16.811 36.1516 16.422 36.1454 16.0141C36.1441 15.6069 36.2997 15.215 36.5799 14.9194C36.8601 14.6238 37.2434 14.4473 37.6503 14.4265C38.4412 14.4084 39.2097 15.1568 39.2279 15.9624C39.2226 16.3691 39.062 16.7585 38.7788 17.0507C38.4957 17.343 38.1115 17.5161 37.7048 17.5346V17.536Z" fill="#F4F4F6"/>
<path d="M43.4591 13.875C43.2397 13.7968 43.0259 13.7591 43.2201 13.4743C43.9915 12.342 43.5457 11.5056 42.636 10.7C41.7976 9.95578 41.4022 9.83291 40.4003 10.3593C40.0076 10.5659 39.8721 10.531 39.7407 10.08C39.4305 9.00774 39.1007 8.79691 37.9857 8.78993H37.3568C36.2907 8.7983 35.9162 9.01751 35.6325 10.0312C35.4732 10.5981 35.2678 10.545 34.8752 10.3104C34.3162 9.97533 33.6888 9.85944 33.1858 10.3188C31.9477 11.4498 31.1177 11.9566 32.2076 13.6237C32.23 13.6572 32.2076 13.7145 32.2174 13.7759C31.6431 13.9867 30.9891 14.0677 30.6356 14.6765C29.9286 15.8968 30.5364 17.6225 31.8625 18.0665C32.2426 18.1936 32.2677 18.3542 32.0847 18.6446C31.7898 19.1095 31.5886 19.5856 31.8052 20.1525C32.3348 21.5278 33.7391 22.1338 35.082 21.5487C35.279 21.4636 35.4844 21.3533 35.5417 21.6786C35.7862 23.0483 36.7127 23.2801 37.9172 23.2145C39.0742 23.1446 39.4347 22.9813 39.7337 21.8964C39.8805 21.3602 40.0831 21.4147 40.4408 21.6465C40.748 21.8628 41.1211 21.9654 41.4958 21.9369C42.8428 21.8154 43.9523 19.8928 43.3124 18.7144C43.0497 18.2327 43.2467 18.1377 43.6421 18.04C44.0795 17.9311 44.4805 17.7398 44.7125 17.3265C45.4349 16.0559 44.8271 14.3707 43.4591 13.875ZM42.9351 16.6424C42.7336 16.6937 42.5357 16.7581 42.3426 16.835C41.4888 17.1143 41.2107 17.8711 41.5727 18.7088C41.7347 19.0844 42.3063 19.4279 41.7515 19.9654C41.4245 20.2837 41.1632 20.3256 40.7873 20.105C40.452 19.9096 40.1264 19.6415 39.7002 19.6987C39.0015 19.7937 38.5893 20.1888 38.4342 20.8883C38.3518 21.2625 38.3504 21.6744 37.7132 21.6842C37.1067 21.6939 37.0452 21.3337 36.9153 20.9512C36.4765 19.6554 35.8882 19.4153 34.6795 20.0366C34.3344 20.2139 34.0465 20.429 33.6455 20.0199C33.2445 19.6108 33.4317 19.3413 33.6217 18.988C34.2603 17.804 33.992 17.152 32.7121 16.7443C32.0469 16.5335 31.7661 16.116 32.0134 15.6119C32.209 15.2112 32.6841 15.2629 33.0391 15.133C33.823 14.8454 34.1569 14.1236 33.8202 13.3612C33.7467 13.1912 33.6598 13.0273 33.5603 12.8711C33.3213 12.5053 33.3493 12.2135 33.7 11.9133C33.9361 11.7122 34.1192 11.5768 34.4071 11.7904C34.5245 11.8646 34.6474 11.93 34.7746 11.9859C35.8533 12.5444 36.5045 12.2763 36.8887 11.1272C37.0285 10.7084 37.0676 10.2169 37.7621 10.2993C38.1352 10.3439 38.2749 10.478 38.3811 10.7907C38.9303 12.416 39.3201 12.5751 40.8963 11.8337C41.3155 11.6369 42.0226 12.0041 42.0142 12.4285L41.5824 13.2844C41.173 14.097 41.4944 14.8524 42.3677 15.1372C42.5596 15.2182 42.7578 15.2836 42.9602 15.3327C43.3654 15.3983 43.3794 15.6622 43.3934 15.9931C43.4004 16.3506 43.3124 16.5725 42.9351 16.6424Z" fill="#F4F4F6"/>
<path d="M24.8897 32.1224C24.41 32.1088 23.9371 32.2385 23.5315 32.4948C23.1258 32.7511 22.8059 33.1224 22.6125 33.5613C22.4192 34.0002 22.3612 34.4868 22.446 34.9588C22.5308 35.4308 22.7545 35.8668 23.0885 36.2111C23.4226 36.5554 23.8518 36.7924 24.3213 36.8918C24.7908 36.9911 25.2793 36.9483 25.7244 36.7689C26.1694 36.5894 26.5508 36.2814 26.8198 35.8843C27.0888 35.4871 27.2332 35.0189 27.2345 34.5393C27.2421 34.2261 27.1872 33.9144 27.073 33.6226C26.9588 33.3308 26.7875 33.0646 26.5693 32.8396C26.351 32.6147 26.09 32.4354 25.8017 32.3122C25.5133 32.1891 25.2033 32.1246 24.8897 32.1224ZM25.696 34.5868C25.6513 35.1146 25.3327 35.3813 24.8171 35.3673C24.3014 35.3533 24.0052 35.0559 23.9912 34.5296C23.9897 34.4142 24.0117 34.2998 24.0558 34.1931C24.0998 34.0865 24.1651 33.9899 24.2475 33.9092C24.33 33.8285 24.428 33.7653 24.5356 33.7235C24.6433 33.6817 24.7582 33.6622 24.8736 33.6661C24.989 33.6699 25.1024 33.6972 25.2069 33.7461C25.3115 33.795 25.405 33.8646 25.4819 33.9506C25.5588 34.0367 25.6174 34.1375 25.6542 34.2468C25.691 34.3561 25.7052 34.4718 25.696 34.5868Z" fill="#F4F4F6"/>
<path d="M37.6489 12.8907C36.8409 12.9017 36.0697 13.2302 35.5022 13.805C34.9347 14.3799 34.6166 15.1549 34.6167 15.9624C34.6167 17.7189 35.9246 19.0425 37.6755 19.0467C38.0817 19.0525 38.4851 18.9771 38.8618 18.825C39.2386 18.673 39.5812 18.4473 39.8695 18.1612C40.1578 17.875 40.386 17.5343 40.5407 17.1589C40.6954 16.7835 40.7736 16.381 40.7706 15.975C40.7607 15.154 40.4275 14.37 39.8432 13.7927C39.2589 13.2154 38.4706 12.8913 37.6489 12.8907ZM37.7048 17.536C37.2965 17.5393 36.9033 17.3812 36.6112 17.0961C36.3191 16.811 36.1516 16.422 36.1454 16.0141C36.1441 15.6069 36.2997 15.215 36.5799 14.9194C36.8601 14.6238 37.2434 14.4473 37.6503 14.4265C38.4412 14.4084 39.2097 15.1568 39.2279 15.9624C39.2226 16.3691 39.062 16.7585 38.7788 17.0507C38.4957 17.343 38.1115 17.5161 37.7048 17.5346V17.536Z" fill="#143274"/>
<path d="M43.4591 13.875C43.2397 13.7968 43.0259 13.7591 43.2201 13.4743C43.9915 12.342 43.5457 11.5056 42.636 10.7C41.7976 9.95578 41.4022 9.83291 40.4003 10.3593C40.0076 10.5659 39.8721 10.531 39.7407 10.08C39.4305 9.00774 39.1007 8.79691 37.9857 8.78993H37.3568C36.2907 8.7983 35.9162 9.01751 35.6325 10.0312C35.4732 10.5981 35.2678 10.545 34.8752 10.3104C34.3162 9.97533 33.6888 9.85944 33.1858 10.3188C31.9477 11.4498 31.1177 11.9566 32.2076 13.6237C32.23 13.6572 32.2076 13.7145 32.2174 13.7759C31.6431 13.9867 30.9891 14.0677 30.6356 14.6765C29.9286 15.8968 30.5364 17.6225 31.8625 18.0665C32.2426 18.1936 32.2677 18.3542 32.0847 18.6446C31.7898 19.1095 31.5886 19.5856 31.8052 20.1525C32.3348 21.5278 33.7391 22.1338 35.082 21.5487C35.279 21.4636 35.4844 21.3533 35.5417 21.6786C35.7862 23.0483 36.7127 23.2801 37.9172 23.2145C39.0742 23.1446 39.4347 22.9813 39.7337 21.8964C39.8805 21.3602 40.0831 21.4147 40.4408 21.6465C40.748 21.8628 41.1211 21.9654 41.4958 21.9369C42.8428 21.8154 43.9523 19.8928 43.3124 18.7144C43.0497 18.2327 43.2467 18.1377 43.6421 18.04C44.0795 17.9311 44.4805 17.7398 44.7125 17.3265C45.4349 16.0559 44.8271 14.3707 43.4591 13.875ZM42.9351 16.6424C42.7336 16.6937 42.5357 16.7581 42.3426 16.835C41.4888 17.1143 41.2107 17.8711 41.5727 18.7088C41.7347 19.0844 42.3063 19.4279 41.7515 19.9654C41.4245 20.2837 41.1632 20.3256 40.7873 20.105C40.452 19.9096 40.1264 19.6415 39.7002 19.6987C39.0015 19.7937 38.5893 20.1888 38.4342 20.8883C38.3518 21.2625 38.3504 21.6744 37.7132 21.6842C37.1067 21.6939 37.0452 21.3337 36.9153 20.9512C36.4765 19.6554 35.8882 19.4153 34.6795 20.0366C34.3344 20.2139 34.0465 20.429 33.6455 20.0199C33.2445 19.6108 33.4317 19.3413 33.6217 18.988C34.2603 17.804 33.992 17.152 32.7121 16.7443C32.0469 16.5335 31.7661 16.116 32.0134 15.6119C32.209 15.2112 32.6841 15.2629 33.0391 15.133C33.823 14.8454 34.1569 14.1236 33.8202 13.3612C33.7467 13.1912 33.6598 13.0273 33.5603 12.8711C33.3213 12.5053 33.3493 12.2135 33.7 11.9133C33.9361 11.7122 34.1192 11.5768 34.4071 11.7904C34.5245 11.8646 34.6474 11.93 34.7746 11.9859C35.8533 12.5444 36.5045 12.2763 36.8887 11.1272C37.0285 10.7084 37.0676 10.2169 37.7621 10.2993C38.1352 10.3439 38.2749 10.478 38.3811 10.7907C38.9303 12.416 39.3201 12.5751 40.8963 11.8337C41.3155 11.6369 42.0226 12.0041 42.0142 12.4285L41.5824 13.2844C41.173 14.097 41.4944 14.8524 42.3677 15.1372C42.5596 15.2182 42.7578 15.2836 42.9602 15.3327C43.3654 15.3983 43.3794 15.6622 43.3934 15.9931C43.4004 16.3506 43.3124 16.5725 42.9351 16.6424Z" fill="#143274"/>
<path d="M18.7302 7.57241C18.7302 6.63414 18.2481 6.16779 17.3147 6.15802C16.5238 6.14964 15.7329 6.15802 14.9392 6.15802C13.5181 6.15802 13.1464 6.5364 13.145 7.98709V17.1883C13.145 19.5354 13.145 21.8824 13.145 24.2295C13.145 25.3465 13.6145 25.8282 14.6821 25.838C15.4967 25.8464 16.31 25.838 17.1247 25.838C18.2705 25.838 18.7218 25.3828 18.7246 24.2337C18.7246 21.4934 18.7246 18.7516 18.7246 16.0085C18.733 13.1964 18.74 10.3844 18.7302 7.57241ZM17.1708 15.9987C17.1708 18.5789 17.1596 21.1648 17.1805 23.738C17.1805 24.1918 17.0674 24.3566 16.6062 24.3091C15.9886 24.2449 15.1767 24.5646 14.7897 24.1848C14.4026 23.8051 14.6751 22.9938 14.6737 22.3697C14.6639 17.6993 14.6737 13.0275 14.6541 8.35709C14.6541 7.7986 14.8106 7.62965 15.3528 7.67852C15.9271 7.73158 16.6999 7.49282 17.0296 7.78463C17.4237 8.12671 17.1512 8.91698 17.1554 9.51178C17.1805 11.6773 17.1708 13.8387 17.1708 15.9987Z" fill="#143274"/>
<path d="M27.1003 10.7181C27.1003 9.6542 26.6811 9.22136 25.6471 9.21019C24.7402 9.20042 23.8305 9.19902 22.9264 9.21019C21.9972 9.22276 21.5179 9.68771 21.5151 10.6385C21.5049 15.2145 21.5049 19.7909 21.5151 24.3677C21.5151 25.3353 22.0238 25.8198 22.9851 25.8338C23.8445 25.8478 24.7053 25.8436 25.566 25.8338C26.621 25.8254 27.0961 25.3535 27.1031 24.2979C27.1031 22.0444 27.1031 19.7909 27.1031 17.5374C27.1022 15.268 27.1013 12.9949 27.1003 10.7181ZM25.5423 12.5849C25.5576 14.2115 25.5423 15.8367 25.5423 17.4634C25.5423 19.5577 25.5283 21.6451 25.5535 23.7352C25.5535 24.1946 25.4319 24.351 24.975 24.3063C24.3559 24.2463 23.5441 24.559 23.1584 24.1876C22.7727 23.8162 23.0438 22.9994 23.0424 22.3809C23.0312 18.7102 23.0424 15.0395 23.0229 11.3688C23.0229 10.8354 23.1626 10.6707 23.681 10.7279C24.2749 10.7935 25.0574 10.485 25.4249 10.8438C25.7924 11.2026 25.5339 11.9873 25.5423 12.5849Z" fill="#143274"/>
<path d="M10.3615 14.407C10.3615 13.357 9.8808 12.8879 8.8244 12.8711C7.98599 12.8614 7.14758 12.86 6.30918 12.8711C5.31287 12.8851 4.81401 13.3277 4.80842 14.2995C4.78886 17.67 4.78886 21.041 4.80842 24.4124C4.80842 25.3898 5.31287 25.8212 6.31057 25.831C7.14898 25.8394 7.98739 25.8394 8.8258 25.831C9.88639 25.8212 10.3629 25.3605 10.3629 24.3049C10.3713 22.6532 10.3629 21.0028 10.3629 19.3525C10.3629 17.7021 10.3699 16.0587 10.3615 14.407ZM8.79925 16.2933C8.79925 18.7549 8.78947 21.215 8.81043 23.6766C8.81043 24.1262 8.75454 24.3747 8.22494 24.3063C7.6115 24.2295 6.81362 24.5646 6.42236 24.1667C6.06045 23.8009 6.32734 23.0176 6.31756 22.4186C6.30219 21.3742 6.31756 20.3242 6.31756 19.284C6.31756 17.8683 6.33573 16.4511 6.30778 15.0353C6.29939 14.5731 6.38882 14.3372 6.91004 14.4042C7.52347 14.4768 8.3493 14.1417 8.70423 14.5438C9.00326 14.8901 8.79785 15.6929 8.79925 16.2933Z" fill="#143274"/>
<path d="M24.8897 32.1224C24.41 32.1088 23.9371 32.2385 23.5315 32.4948C23.1258 32.7511 22.8059 33.1224 22.6125 33.5613C22.4192 34.0002 22.3612 34.4868 22.446 34.9588C22.5308 35.4308 22.7545 35.8668 23.0885 36.2111C23.4226 36.5554 23.8518 36.7924 24.3213 36.8918C24.7908 36.9911 25.2793 36.9483 25.7244 36.7689C26.1694 36.5894 26.5508 36.2814 26.8198 35.8843C27.0888 35.4871 27.2332 35.0189 27.2345 34.5393C27.2421 34.2261 27.1872 33.9144 27.073 33.6226C26.9588 33.3308 26.7875 33.0646 26.5693 32.8396C26.351 32.6147 26.09 32.4354 25.8017 32.3122C25.5133 32.1891 25.2033 32.1246 24.8897 32.1224ZM25.696 34.5868C25.6513 35.1146 25.3327 35.3813 24.8171 35.3673C24.3014 35.3533 24.0052 35.0559 23.9912 34.5296C23.9897 34.4142 24.0117 34.2998 24.0558 34.1931C24.0998 34.0865 24.1651 33.9899 24.2475 33.9092C24.33 33.8285 24.428 33.7653 24.5356 33.7235C24.6433 33.6817 24.7582 33.6622 24.8736 33.6661C24.989 33.6699 25.1024 33.6972 25.2069 33.7461C25.3115 33.795 25.405 33.8646 25.4819 33.9506C25.5588 34.0367 25.6174 34.1375 25.6542 34.2468C25.691 34.3561 25.7052 34.4718 25.696 34.5868Z" fill="#143274"/>
<path d="M37.6489 12.8907C36.8409 12.9017 36.0697 13.2302 35.5022 13.805C34.9347 14.3799 34.6166 15.1549 34.6167 15.9624C34.6167 17.7189 35.9246 19.0425 37.6755 19.0467C38.0817 19.0525 38.4851 18.9771 38.8618 18.825C39.2386 18.673 39.5812 18.4473 39.8695 18.1612C40.1578 17.875 40.386 17.5343 40.5407 17.1589C40.6954 16.7835 40.7736 16.381 40.7706 15.975C40.7607 15.154 40.4275 14.37 39.8432 13.7927C39.2589 13.2154 38.4706 12.8913 37.6489 12.8907ZM37.7048 17.536C37.2965 17.5393 36.9033 17.3812 36.6112 17.0961C36.3191 16.811 36.1516 16.422 36.1454 16.0141C36.1441 15.6069 36.2997 15.215 36.5799 14.9194C36.8601 14.6238 37.2434 14.4473 37.6503 14.4265C38.4412 14.4084 39.2097 15.1568 39.2279 15.9624C39.2226 16.3691 39.062 16.7585 38.7788 17.0507C38.4957 17.343 38.1115 17.5161 37.7048 17.5346V17.536Z" fill="#F3F4F6"/>
<path d="M37.6489 12.8907C36.8409 12.9017 36.0697 13.2302 35.5022 13.805C34.9347 14.3799 34.6166 15.1549 34.6167 15.9624C34.6167 17.7189 35.9246 19.0425 37.6755 19.0467C38.0817 19.0525 38.4851 18.9771 38.8618 18.825C39.2386 18.673 39.5812 18.4473 39.8695 18.1612C40.1578 17.875 40.386 17.5343 40.5407 17.1589C40.6954 16.7835 40.7736 16.381 40.7706 15.975C40.7607 15.154 40.4275 14.37 39.8432 13.7927C39.2589 13.2154 38.4706 12.8913 37.6489 12.8907ZM37.7048 17.536C37.2965 17.5393 36.9033 17.3812 36.6112 17.0961C36.3191 16.811 36.1516 16.422 36.1454 16.0141C36.1441 15.6069 36.2997 15.215 36.5799 14.9194C36.8601 14.6238 37.2434 14.4473 37.6503 14.4265C38.4412 14.4084 39.2097 15.1568 39.2279 15.9624C39.2226 16.3691 39.062 16.7585 38.7788 17.0507C38.4957 17.343 38.1115 17.5161 37.7048 17.5346V17.536Z" fill="#143274"/>
</svg>
